,a,b,c,d,e,f,h,i,j
a,0.0,0.693069306930693,0.67,0.6728971962616822,0.7247706422018348,0.9122807017543859,0.8803418803418803,0.8771929824561403,0.868421052631579
b,0.693069306930693,0.0,0.7938144329896907,0.7010309278350515,0.71875,0.92,0.9351851851851852,0.8686868686868687,0.8921568627450981
c,0.67,0.7938144329896907,0.0,0.6907216494845361,0.7722772277227723,0.9207920792079208,0.9259259259259259,0.9134615384615384,0.8823529411764706
d,0.6728971962616822,0.7010309278350515,0.6907216494845361,0.0,0.7087378640776699,0.9369369369369369,0.9035087719298246,0.9482758620689655,0.9017857142857143
e,0.7247706422018348,0.71875,0.7722772277227723,0.7087378640776699,0.0,0.8725490196078431,0.8909090909090909,0.8981481481481481,0.8571428571428571
f,0.9122807017543859,0.92,0.9207920792079208,0.9369369369369369,0.8725490196078431,0.0,0.7411764705882353,0.6835443037974683,0.7349397590361446
h,0.8803418803418803,0.9351851851851852,0.9259259259259259,0.9035087719298246,0.8909090909090909,0.7411764705882353,0.0,0.8191489361702128,0.7126436781609196
i,0.8771929824561403,0.8686868686868687,0.9134615384615384,0.9482758620689655,0.8981481481481481,0.6835443037974683,0.8191489361702128,0.0,0.8021978021978022
j,0.868421052631579,0.8921568627450981,0.8823529411764706,0.9017857142857143,0.8571428571428571,0.7349397590361446,0.7126436781609196,0.8021978021978022,0.0
