,a,b,c,d,e,f,h,i,j
a,0.0,0.7714285714285715,0.79,0.7422680412371134,0.839622641509434,0.8468468468468469,0.782608695652174,0.8073394495412844,0.8482142857142857
b,0.7714285714285715,0.0,0.7961165048543689,0.7864077669902912,0.8,0.8508771929824561,0.788135593220339,0.8333333333333334,0.831858407079646
c,0.79,0.7961165048543689,0.0,0.7684210526315789,0.8316831683168316,0.8504672897196262,0.875,0.8738738738738738,0.8727272727272727
d,0.7422680412371134,0.7864077669902912,0.7684210526315789,0.0,0.8217821782178217,0.8623853211009175,0.7857142857142857,0.875,0.8425925925925926
e,0.839622641509434,0.8,0.8316831683168316,0.8217821782178217,0.0,0.8532110091743119,0.7982456140350878,0.8240740740740741,0.8113207547169812
f,0.8468468468468469,0.8508771929824561,0.8504672897196262,0.8623853211009175,0.8532110091743119,0.0,0.7321428571428571,0.8,0.69
h,0.782608695652174,0.788135593220339,0.875,0.7857142857142857,0.7982456140350878,0.7321428571428571,0.0,0.7256637168141593,0.7232142857142857
i,0.8073394495412844,0.8333333333333334,0.8738738738738738,0.875,0.8240740740740741,0.8,0.7256637168141593,0.0,0.7333333333333333
j,0.8482142857142857,0.831858407079646,0.8727272727272727,0.8425925925925926,0.8113207547169812,0.69,0.7232142857142857,0.7333333333333333,0.0
