,a,b,c,d,e,f,h,i,j
a,0.0,0.8,0.8282828282828283,0.7840909090909091,0.845360824742268,0.7722772277227723,0.813953488372093,0.8529411764705882,0.8426966292134831
b,0.8,0.0,0.84,0.8111111111111111,0.8333333333333334,0.8301886792452831,0.8791208791208791,0.8857142857142857,0.9042553191489362
c,0.8282828282828283,0.84,0.0,0.7777777777777778,0.8113207547169812,0.7894736842105263,0.8163265306122449,0.8608695652173913,0.8640776699029126
d,0.7840909090909091,0.8111111111111111,0.7777777777777778,0.0,0.8061224489795918,0.8055555555555556,0.8494623655913979,0.8380952380952381,0.8865979381443299
e,0.845360824742268,0.8333333333333334,0.8113207547169812,0.8061224489795918,0.0,0.8245614035087719,0.8333333333333334,0.8018867924528302,0.8921568627450981
f,0.7722772277227723,0.8301886792452831,0.7894736842105263,0.8055555555555556,0.8245614035087719,0.0,0.7843137254901961,0.8220338983050848,0.8532110091743119
h,0.813953488372093,0.8791208791208791,0.8163265306122449,0.8494623655913979,0.8333333333333334,0.7843137254901961,0.0,0.78125,0.8426966292134831
i,0.8529411764705882,0.8857142857142857,0.8608695652173913,0.8380952380952381,0.8018867924528302,0.8220338983050848,0.78125,0.0,0.8316831683168316
j,0.8426966292134831,0.9042553191489362,0.8640776699029126,0.8865979381443299,0.8921568627450981,0.8532110091743119,0.8426966292134831,0.8316831683168316,0.0
