,a,b,c,d,e,f,h,i,j
a,0.0,0.8596491228070176,0.8240740740740741,0.82,0.7837837837837838,0.8454545454545455,0.8623853211009175,0.8285714285714286,0.8541666666666666
b,0.8596491228070176,0.0,0.7522123893805309,0.7777777777777778,0.6929824561403509,0.8151260504201681,0.8,0.8389830508474576,0.8411214953271028
c,0.8240740740740741,0.7522123893805309,0.0,0.7714285714285715,0.7521367521367521,0.8205128205128205,0.7946428571428571,0.8347826086956521,0.8137254901960784
d,0.82,0.7777777777777778,0.7714285714285715,0.0,0.7545454545454545,0.868421052631579,0.8440366972477065,0.8636363636363636,0.8333333333333334
e,0.7837837837837838,0.6929824561403509,0.7521367521367521,0.7545454545454545,0.0,0.832,0.8650793650793651,0.7543859649122807,0.8055555555555556
f,0.8454545454545455,0.8151260504201681,0.8205128205128205,0.868421052631579,0.832,0.0,0.7383177570093458,0.8035714285714286,0.8365384615384616
h,0.8623853211009175,0.8,0.7946428571428571,0.8440366972477065,0.8650793650793651,0.7383177570093458,0.0,0.8090909090909091,0.8080808080808081
i,0.8285714285714286,0.8389830508474576,0.8347826086956521,0.8636363636363636,0.7543859649122807,0.8035714285714286,0.8090909090909091,0.0,0.7938144329896907
j,0.8541666666666666,0.8411214953271028,0.8137254901960784,0.8333333333333334,0.8055555555555556,0.8365384615384616,0.8080808080808081,0.7938144329896907,0.0
