,a,b,c,d,e,f,h,i,j
a,0.0,0.6987951807228916,0.7126436781609196,0.7446808510638298,0.7613636363636364,0.9142857142857143,0.8727272727272727,0.9263157894736842,0.8543689320388349
b,0.6987951807228916,0.0,0.8131868131868132,0.8,0.7349397590361446,0.9108910891089109,0.8235294117647058,0.898876404494382,0.8932038834951457
c,0.7126436781609196,0.8131868131868132,0.0,0.7708333333333334,0.7752808988764045,0.8712871287128713,0.9026548672566371,0.8791208791208791,0.8761904761904762
d,0.7446808510638298,0.8,0.7708333333333334,0.0,0.8144329896907216,0.8679245283018868,0.8695652173913043,0.8979591836734694,0.7961165048543689
e,0.7613636363636364,0.7349397590361446,0.7752808988764045,0.8144329896907216,0.0,0.89,0.8691588785046729,0.875,0.8942307692307693
f,0.9142857142857143,0.9108910891089109,0.8712871287128713,0.8679245283018868,0.89,0.0,0.74,0.7906976744186046,0.7755102040816326
h,0.8727272727272727,0.8235294117647058,0.9026548672566371,0.8695652173913043,0.8691588785046729,0.74,0.0,0.7872340425531915,0.75
i,0.9263157894736842,0.898876404494382,0.8791208791208791,0.8979591836734694,0.875,0.7906976744186046,0.7872340425531915,0.0,0.8
j,0.8543689320388349,0.8932038834951457,0.8761904761904762,0.7961165048543689,0.8942307692307693,0.7755102040816326,0.75,0.8,0.0
