,a,b,c,d,e,f,h,i,j
a,0.0,0.7954545454545454,0.8020833333333334,0.8351648351648352,0.8314606741573034,0.8709677419354839,0.8977272727272727,0.8811881188118812,0.8791208791208791
b,0.7954545454545454,0.0,0.8285714285714286,0.8484848484848485,0.8333333333333334,0.8350515463917526,0.8461538461538461,0.8796296296296297,0.8421052631578947
c,0.8020833333333334,0.8285714285714286,0.0,0.8504672897196262,0.801980198019802,0.8269230769230769,0.8823529411764706,0.8181818181818182,0.8217821782178217
d,0.8351648351648352,0.8484848484848485,0.8504672897196262,0.0,0.88,0.8105263157894737,0.75,0.801980198019802,0.8541666666666666
e,0.8314606741573034,0.8333333333333334,0.801980198019802,0.88,0.0,0.8315789473684211,0.8924731182795699,0.7731958762886598,0.8979591836734694
f,0.8709677419354839,0.8350515463917526,0.8269230769230769,0.8105263157894737,0.8315789473684211,0.0,0.8045977011494253,0.8785046728971962,0.8762886597938144
h,0.8977272727272727,0.8461538461538461,0.8823529411764706,0.75,0.8924731182795699,0.8045977011494253,0.0,0.7956989247311828,0.8522727272727273
i,0.8811881188118812,0.8796296296296297,0.8181818181818182,0.801980198019802,0.7731958762886598,0.8785046728971962,0.7956989247311828,0.0,0.7282608695652174
j,0.8791208791208791,0.8421052631578947,0.8217821782178217,0.8541666666666666,0.8979591836734694,0.8762886597938144,0.8522727272727273,0.7282608695652174,0.0
