,a,b,c,d,e,f,h,i,j
a,0.0,0.7029702970297029,0.6354166666666666,0.6956521739130435,0.7157894736842105,0.908256880733945,0.9391304347826087,0.9210526315789473,0.9158878504672897
b,0.7029702970297029,0.0,0.6981132075471698,0.7040816326530612,0.696969696969697,0.8849557522123894,0.925,0.907563025210084,0.9210526315789473
c,0.6354166666666666,0.6981132075471698,0.0,0.6195652173913043,0.6276595744680851,0.9230769230769231,0.9067796610169492,0.907563025210084,0.9017857142857143
d,0.6956521739130435,0.7040816326530612,0.6195652173913043,0.0,0.6888888888888889,0.9047619047619048,0.9272727272727272,0.908256880733945,0.912621359223301
e,0.7157894736842105,0.696969696969697,0.6276595744680851,0.6888888888888889,0.0,0.9553571428571429,0.9285714285714286,0.9099099099099099,0.9245283018867925
f,0.908256880733945,0.8849557522123894,0.9230769230769231,0.9047619047619048,0.9553571428571429,0.0,0.7684210526315789,0.7446808510638298,0.7093023255813954
h,0.9391304347826087,0.925,0.9067796610169492,0.9272727272727272,0.9285714285714286,0.7684210526315789,0.0,0.6703296703296703,0.7472527472527473
i,0.9210526315789473,0.907563025210084,0.907563025210084,0.908256880733945,0.9099099099099099,0.7446808510638298,0.6703296703296703,0.0,0.75
j,0.9158878504672897,0.9210526315789473,0.9017857142857143,0.912621359223301,0.9245283018867925,0.7093023255813954,0.7472527472527473,0.75,0.0
