,a,b,c,d,e,f,h,i,j
a,0.0,0.8037383177570093,0.797979797979798,0.7684210526315789,0.8545454545454545,0.9051724137931034,0.8818181818181818,0.8712871287128713,0.86
b,0.8037383177570093,0.0,0.7857142857142857,0.8415841584158416,0.8,0.8348623853211009,0.8504672897196262,0.9038461538461539,0.8712871287128713
c,0.797979797979798,0.7857142857142857,0.0,0.7727272727272727,0.83,0.9174311926605505,0.8712871287128713,0.8202247191011236,0.8947368421052632
d,0.7684210526315789,0.8415841584158416,0.7727272727272727,0.0,0.7894736842105263,0.9056603773584906,0.88,0.8924731182795699,0.8804347826086957
e,0.8545454545454545,0.8,0.83,0.7894736842105263,0.0,0.8095238095238095,0.8476190476190476,0.9433962264150944,0.9230769230769231
f,0.9051724137931034,0.8348623853211009,0.9174311926605505,0.9056603773584906,0.8095238095238095,0.0,0.7422680412371134,0.7582417582417582,0.7849462365591398
h,0.8818181818181818,0.8504672897196262,0.8712871287128713,0.88,0.8476190476190476,0.7422680412371134,0.0,0.7888888888888889,0.8152173913043478
i,0.8712871287128713,0.9038461538461539,0.8202247191011236,0.8924731182795699,0.9433962264150944,0.7582417582417582,0.7888888888888889,0.0,0.7804878048780488
j,0.86,0.8712871287128713,0.8947368421052632,0.8804347826086957,0.9230769230769231,0.7849462365591398,0.8152173913043478,0.7804878048780488,0.0
