,a,b,c,d,e,f,h,i,j
a,0.0,0.7549019607843137,0.7142857142857143,0.7052631578947368,0.8144329896907216,0.85,0.926605504587156,0.8712871287128713,0.9313725490196079
b,0.7549019607843137,0.0,0.6989247311827957,0.7407407407407407,0.7572815533980582,0.8869565217391304,0.9256198347107438,0.8660714285714286,0.8703703703703703
c,0.7142857142857143,0.6989247311827957,0.0,0.7282608695652174,0.7752808988764045,0.8762886597938144,0.9326923076923077,0.8865979381443299,0.9381443298969072
d,0.7052631578947368,0.7407407407407407,0.7282608695652174,0.0,0.7346938775510204,0.8928571428571429,0.8849557522123894,0.911504424778761,0.9074074074074074
e,0.8144329896907216,0.7572815533980582,0.7752808988764045,0.7346938775510204,0.0,0.8737864077669902,0.8543689320388349,0.9150943396226415,0.9108910891089109
f,0.85,0.8869565217391304,0.8762886597938144,0.8928571428571429,0.8737864077669902,0.0,0.7835051546391752,0.7362637362637363,0.8541666666666666
h,0.926605504587156,0.9256198347107438,0.9326923076923077,0.8849557522123894,0.8543689320388349,0.7835051546391752,0.0,0.7553191489361702,0.8085106382978723
i,0.8712871287128713,0.8660714285714286,0.8865979381443299,0.911504424778761,0.9150943396226415,0.7362637362637363,0.7553191489361702,0.0,0.7471264367816092
j,0.9313725490196079,0.8703703703703703,0.9381443298969072,0.9074074074074074,0.9108910891089109,0.8541666666666666,0.8085106382978723,0.7471264367816092,0.0
