,a,b,c,d,e,f,h,i,j
a,0.0,0.776595744680851,0.7934782608695652,0.7127659574468085,0.7920792079207921,0.9,0.897196261682243,0.897196261682243,0.9230769230769231
b,0.776595744680851,0.0,0.8131868131868132,0.7311827956989247,0.7857142857142857,0.8867924528301887,0.776595744680851,0.9047619047619048,0.9017857142857143
c,0.7934782608695652,0.8131868131868132,0.0,0.7608695652173914,0.7634408602150538,0.8823529411764706,0.8673469387755102,0.89,0.9181818181818182
d,0.7127659574468085,0.7311827956989247,0.7608695652173914,0.0,0.75,0.8928571428571429,0.8584905660377359,0.8899082568807339,0.8974358974358975
e,0.7920792079207921,0.7857142857142857,0.7634408602150538,0.75,0.0,0.8636363636363636,0.8703703703703703,0.8807339449541285,0.8288288288288288
f,0.9,0.8867924528301887,0.8823529411764706,0.8928571428571429,0.8636363636363636,0.0,0.7653061224489796,0.7127659574468085,0.7227722772277227
h,0.897196261682243,0.776595744680851,0.8673469387755102,0.8584905660377359,0.8703703703703703,0.7653061224489796,0.0,0.7578947368421053,0.7884615384615384
i,0.897196261682243,0.9047619047619048,0.89,0.8899082568807339,0.8807339449541285,0.7127659574468085,0.7578947368421053,0.0,0.6304347826086957
j,0.9230769230769231,0.9017857142857143,0.9181818181818182,0.8974358974358975,0.8288288288288288,0.7227722772277227,0.7884615384615384,0.6304347826086957,0.0
